[base]
env_name = drone

[vec]
total_agents = 2048
num_buffers = 8
num_threads = 1

[env]
task = 0
num_drones = 64
max_rings = 10

# shared
alpha_dist = 1.4743813950542852

# hover
alpha_hover = 0.04172693102535828
alpha_shaping = 2.4227498935775116
alpha_omega = 0.003412692849239442
hover_target_dist = 5
hover_dist = 0.022635883121253756
hover_vel = 0.011167386817995822
hover_omega = 0.04019810650173936

# race
ring_reward = 1.0
collision_penalty = 0.0
time_penalty = 0.0

[policy]
expansion_factor = 1
hidden_size = 64
num_layers = 2

[train]
anneal_lr = 1
beta1 = 0.9605091218915885
beta2 = 0.9975342514897555
clip_coef = 0.2792041834527874
ent_coef = 0.009614464430623536
eps = 3.890998066747521e-12
gae_lambda = 0.8397140951280606
gamma = 0.9827341882497986
gpus = 1
horizon = 64
learning_rate = 0.0036073110182039277
max_grad_norm = 0.1
min_lr_ratio = 0
minibatch_size = 4096
prio_alpha = 0.5664372304116252
prio_beta0 = 1
replay_ratio = 2.321476115575771
seed = 42
total_timesteps = 4.6927025e+07
vf_clip_coef = 5
vf_coef = 5
vtrace_c_clip = 5
vtrace_rho_clip = 3.2646604263658587

[sweep.train.total_timesteps]
distribution = log_normal
min = 3e7
max = 2e8
mean = 8e7
scale = auto

[sweep.env.alpha_dist]
distribution = log_normal
min = 0.1
max = 100.0
mean = 1.0
scale = auto

[sweep.env.alpha_omega]
distribution = log_normal
min = 0.0001
max = 1.0
mean = 0.001
scale = auto

[sweep.env.alpha_hover]
distribution = log_normal
min = 0.001
max = 1.0
mean = 0.01
scale = auto

[sweep.env.alpha_shaping]
distribution = log_normal
min = 0.01
max = 10.0
mean = 1.0
scale = auto

[sweep.env.hover_dist]
distribution = log_normal
min = 0.001
max = 1.0
mean = 0.01
scale = auto

[sweep.env.hover_vel]
distribution = log_normal
min = 0.001
max = 1.0
mean = 0.01
scale = auto

[sweep.env.hover_omega]
distribution = log_normal
min = 0.01
max = 10.0
mean = 0.1
scale = auto