[base]
env_name = tripletriad

[vec]
total_agents = 4096
num_buffers = 4.5243
num_threads = 2
num_agents = 4096

[env]
width = 990
height = 690
card_width = 192
card_height = 224

[policy]
hidden_size = 256
num_layers = 2.46396
expansion_factor = 1

[train]
gpus = 1
seed = 42
total_timesteps = 34537498
learning_rate = 0.0017548
anneal_lr = 1
min_lr_ratio = 0
gamma = 0.955398
gae_lambda = 0.98264
replay_ratio = 3.5804
clip_coef = 0.253448
vf_coef = 2.14518
vf_clip_coef = 3.87724
max_grad_norm = 4.65825
ent_coef = 0.000501928
beta1 = 0.944088
beta2 = 0.999153
eps = 1.83574e-12
minibatch_size = 8192
horizon = 16
vtrace_rho_clip = 4.86264
vtrace_c_clip = 1.79853
prio_alpha = 0.293554
prio_beta0 = 0.17102
use_rnn = 1

[sweep.train.total_timesteps]
distribution = log_normal
min = 1e7
max = 2e8
mean = 1e8
scale = time
